250.0000        0.472107        285.501
249.5000        0.487018        286.135
249.0000        0.549713        286.772
248.5000        0.576231        287.413
248.0000        0.580538        288.059
247.5000        0.61273 288.706
247.0000        0.647798        289.347
246.5000        0.666677        289.985
246.0000        0.670312        290.627
245.5000        0.700948        291.27
245.0000        0.759942        291.918
244.5000        0.81578 292.571
244.0000        0.861615        293.232
243.5000        0.918586        293.903
243.0000        0.926911        294.587
242.5000        0.943715        295.278
242.0000        0.978492        295.974
241.5000        1.03929 296.675
241.0000        1.08758 297.388
240.5000        1.14274 298.115
240.0000        1.16636 298.859
239.5000        1.21069 299.615
239.0000        1.24749 300.383
238.5000        1.29513 301.164
238.0000        1.30435 301.954
237.5000        1.35517 302.751
237.0000        1.36957 303.558
236.5000        1.36238 304.372
236.0000        1.38791 305.192
235.5000        1.43568 306.02
235.0000        1.45647 306.846
234.5000        1.40478 307.679
234.0000        1.34706 308.506
233.5000        1.24832 309.333
233.0000        1.20972 310.161
232.5000        1.14447 310.97
232.0000        1.00304 311.767
231.5000        0.786545        312.575
231.0000        0.59993 313.397
230.5000        0.385472        314.227
230.0000        0.239591        315.061
229.5000        0.0325419       315.898
229.0000        -0.252681       316.735
228.5000        -0.459177       317.579
228.0000        -0.699578       318.433
227.5000        -0.918086       319.296
227.0000        -1.15019        320.166
226.5000        -1.46232        321.048
226.0000        -1.67353        321.95
225.5000        -1.8865 322.886
225.0000        -1.87802        323.833
224.5000        -2.15111        324.782
224.0000        -2.08463        325.742
223.5000        -2.10115        326.719
223.0000        -2.09546        327.717
222.5000        -2.24105        328.735
222.0000        -2.54037        329.775
221.5000        -2.55375        330.833
221.0000        -2.41688        331.914
220.5000        -2.27319        333.022
220.0000        -2.033  334.154
219.5000        -1.87365        335.31
219.0000        -1.59835        336.491
218.5000        -1.30628        337.691
218.0000        -1.04579        338.915
217.5000        -0.519247       340.166
217.0000        -0.4284 341.435
216.5000        -0.418615       342.725
216.0000        -0.0478551      344.044
215.5000        0.630483        345.394
215.0000        1.0986  346.774
214.5000        1.21305 348.185
214.0000        1.52745 349.633
213.5000        1.74916 351.122
213.0000        1.92424 352.651
212.5000        2.21073 354.223
212.0000        2.53658 355.835
211.5000        2.51542 357.494
211.0000        2.48153 359.198
210.5000        2.6478  360.956
210.0000        2.98604 362.771
209.5000        3.07293 364.644
209.0000        3.41771 366.568
208.5000        3.17305 368.549
208.0000        3.33467 370.585
207.5000        3.59102 372.682
207.0000        3.60961 374.831
206.5000        3.23317 377.045
206.0000        3.21638 379.328
205.5000        2.69513 381.699
205.0000        2.09859 384.158
204.5000        1.756   386.708
204.0000        1.94126 389.355
203.5000        1.69629 392.113
203.0000        1.27978 394.982
202.5000        1.26311 397.965
202.0000        1.07969 401.063
201.5000        0.919863        404.279
201.0000        0.565468        407.622
200.5000        0.125997        411.085
200.0000        -0.140678       414.668
199.5000        -0.397352       418.364
199.0000        -0.304651       422.158
198.5000        -0.440907       426.051
198.0000        0.115773        430.039
197.5000        -0.297955       434.092
197.0000        -0.552624       438.193
196.5000        -0.192677       442.353
196.0000        -0.18973        446.61
195.5000        -1.05639        450.956
195.0000        -0.71591        455.317